 Lanczos
  -7.9641703997393796     
  -7.9641703997393645     
  -7.9641703997393645     
  -7.9641703997393583     
  -7.9636846538529626     
  -7.7585263969530152     
  -7.7585263969530125     
  -7.7585263969529956     
  -7.7585263969529432     
  -7.4951799438397311     
  -7.4951799438397275     
  -7.4951799438397204     
  -7.4038213984499075     
  -7.4038213984498960     
  -7.4038213984498844     
  -7.2234171567214362     
  -7.2234171567214345     
  -7.2234171567214220     
  -7.1314882066223051     
  -7.1314882066223007     
  -7.1314882062178189     
  -7.0024331215636879     
  -7.0024331215636710     
  -7.0024331214438531     
  -6.8289493359045457     
  -6.8289493359045368     
  -6.8289493358109841     
  -6.5316717404640698     
  -6.5316717404640645     
  -6.4921646057186670     
  -6.4921646057186608     
  -6.4200568992670588     
  -6.4200568992670490     
  -6.1644686088771339     
  -6.1644686088771197     
  -5.9920827016735885     
  -5.9920827016735272     
  -5.9523395883978321     
  -5.9523384790821030     
  -5.9507692535682644     
  -5.9507288505524176     
  -5.9220896779097689     
  -5.9220896779001322     
  -5.6168812211789705     
  -5.6168812211789563     
  -5.4946829420645802     
  -5.4946829420645722     
  -5.2924840761188099     
  -5.2924840760464136     
  -5.2517192655800908     
  -5.2517192655644491     
  -5.0550339575819123     
  -5.0550339504412785     
  -4.9854088658793776     
  -4.9845298700595002     
  -4.9827477349765985     
  -4.6405001121218996     
  -4.6255760926678535     
  -4.5859840315161895     
  -4.5790455105032430     
  -4.5531753155578079     
  -4.4863128892950952     
  -4.4185345708824055     
  -4.4151346678482337     
  -4.3652208441149778     
  -4.3513998421332296     
  -3.9998718072960351     
  -3.9817798947424534     
  -3.9610907899679408     
  -3.8114763552503588     
  -3.8064261327768736     
  -3.7136398345849400     
  -3.6323141167340562     
  -3.4507856624477951     
  -3.4229317097966252     
  -3.3690977351689515     
  -3.0747801961911549     
  -3.0678016937674002     
  -3.0603539051991127     
  -3.0425463394523855     
  -2.9682349026560022     
  -2.9420508196479727     
  -2.8960994634762933     
  -2.8729967754154293     
  -2.8150979414695430     
  -2.6074693001383724     
  -2.6073025455341572     
  -2.5287868850466513     
  -2.3263321886461581     
  -2.3237074711973973     
  -2.3185984405891782     
  -2.3175506385549016     
  -2.3143598273098518     
  -2.3115638781649275     
  -2.2559316434375463     
  -2.1627909132067575     
  -2.1059830257949765     
  -1.9365006167078604     
  -1.8626659449173604     
  -1.7483867045632151     
  -1.7382797948775284     
  -1.7133604319692846     
  -1.6043734755672496     
  -1.5580803876550802     
  -1.4267913937555161     
  -1.3700742591963770     
  -1.2692126777119130     
  -1.2536011222497541     
  -1.0470351648601142     
  -1.0470337385406761     
 -0.90915237557250972     
 -0.90511109441429727     
 -0.90466235510788751     
 -0.52053420588824484     
 -0.52053420588821409     
 -0.25555780574783621     
 -0.25555780574782017     
  0.80030280506689511     
  0.80030280506690643     
   1.0280637278972853     
   1.0280637278973073     
   1.1159851602496118     
   1.4048913319592415     
   1.4049523520144205     
   1.4389656112527180     
   1.4400187843826202     
   1.5245585226444751     
   1.5246235536340473     
   1.7771929222803518     
   1.8584891354799995     
   2.0157532354538659     
   2.0578747345184047     
   2.1336212922976978     
   2.1667832176219339     
   2.1846819485331443     
   2.2630560985712358     
   2.3537008499253309     
   2.4863114699680136     
   2.5072681312727747     
   2.6714289354400615     
   2.6761802331166522     
   2.6822036336982942     
   2.6833003868087992     
   2.6848754036756426     
   2.6866843621864800     
   2.8506413791618472     
   2.9110928831791187     
   3.0729847379799660     
   3.1314787514447739     
   3.1563766198112537     
   3.2157872944558048     
   3.2219408009812520     
   3.2548818612010804     
   3.2992466706615904     
   3.3072171355017765     
   3.3105985621090910     
   3.4725960825393676     
   3.5170512763401232     
   3.5812056902074954     
   3.6035687322345478     
   3.7460511438197890     
   3.8246486150586789     
   3.8940797959666256     
   3.8996761293905124     
   4.0122040593072006     
   4.0293267546065232     
   4.3069777700593406     
   4.3687066313714071     
   4.3718507522210714     
   4.3987714441259262     
   4.4693734239848126     
   4.4785411122266678     
   4.5290356043248048     
   4.7797896676039811     
   4.7866510652142233     
   4.8285052048772350     
   4.8390418314382853     
   4.9850580639875863     
   4.9852520720590530     
   5.0141969771274919     
   5.0142581634573320     
   5.1572875044407152     
   5.1572898991568739     
   5.2452608116927495     
   5.2452608221267312     
   5.4589283834602478     
   5.4622351984745086     
   5.4624774473266369     
   5.4816324452867269     
   5.4829961746201166     
   5.5098983841270801     
   5.5099085634387466     
   5.6301695923116579     
   5.6301695923131296     
   5.8052000622479429     
   5.8052000622479571     
   5.8550791561047006     
   5.8550791561047264     
   5.8820641737683426     
   5.8820641737683568     
   6.0810379984754528     
   6.0810379984754750     
   6.1965846394733699     
   6.1965846394733806     
   6.2717897882449831     
   6.2813981324442656     
   6.2813981324442771     
   6.3412140067942975     
   6.3412140067943117     
   6.4586311912088679     
   6.4586314805843896     
   6.4586314805844012     
   6.5174057316258294     
   6.5174057316258542     
   6.5174057316258862     
   6.6855283475136575     
   6.6855283475136940     
   6.6855283475137046     
   6.8151546072121665     
   6.8151546296642715     
   6.8151546296642849     
   6.8151546296643000     
