 Lanczos
  -7.9641703997393671     
  -7.9641703997393627     
  -7.9641703997393600     
  -7.9641703997393574     
  -7.9597884211707175     
  -7.7585263969529921     
  -7.7585263969529725     
  -7.7585263969529699     
  -7.7585263969529530     
  -7.4951799438397178     
  -7.4951799438397151     
  -7.4951799438397098     
  -7.4038213984498960     
  -7.4038213984498888     
  -7.4038213984498871     
  -7.2234171567214371     
  -7.2234171567214300     
  -7.2234171567214265     
  -7.1314882066435121     
  -7.1314882066223149     
  -7.1314882066222980     
  -7.0024331215825288     
  -7.0024331215636986     
  -7.0024331215636835     
  -6.8289493359045261     
  -6.8289493359045190     
  -6.8289493358761284     
  -6.5316717404640654     
  -6.5316717404640512     
  -6.4921646057186821     
  -6.4921646057186582     
  -6.4200568992670570     
  -6.4200568992670561     
  -6.1644686088771268     
  -6.1644686088771223     
  -5.9920827016735219     
  -5.9920827016735165     
  -5.9523385437252347     
  -5.9523384790821092     
  -5.9507288716660414     
  -5.9507288505524185     
  -5.9220896779001917     
  -5.9220896779001455     
  -5.6168812211789749     
  -5.6168812211789518     
  -5.4946829420645784     
  -5.4946829420645642     
  -5.2924840760464074     
  -5.2924840751242295     
  -5.2517192655644589     
  -5.2517192655465026     
  -5.0550339504412758     
  -5.0550272410925245     
  -4.9854088658793705     
  -4.9850886905503495     
  -4.9827477349765950     
  -4.6968054422713745     
  -4.6255760926678562     
  -4.6044859403962732     
  -4.5790455105032386     
  -4.5531753155578034     
  -4.4863128892950890     
  -4.4185345708824100     
  -4.4151346678482408     
  -4.3728340671756580     
  -4.3513998421332376     
  -3.9998718072960315     
  -3.9645705512723173     
  -3.9610907899679320     
  -3.8114763552503534     
  -3.8064261327768780     
  -3.7136398345849391     
  -3.6323141167340602     
  -3.4507856624477973     
  -3.4229317097966270     
  -3.3690977351689488     
  -3.0747801961911505     
  -3.0678016937674002     
  -3.0603539051991162     
  -3.0425463394523828     
  -2.9682349026560009     
  -2.9420508196479749     
  -2.8960994634762951     
  -2.8729967754154258     
  -2.8150979414695438     
  -2.6074693001383764     
  -2.5287868850466575     
  -2.3267935932905868     
  -2.3263299365292851     
  -2.3235267108542055     
  -2.3183639562391094     
  -2.3164413988215711     
  -2.3146143480563413     
  -2.3115415706122375     
  -2.1627909132067531     
  -2.1059830257949703     
  -1.9365006167078549     
  -1.8626659449173510     
  -1.7483867045632131     
  -1.7382797948775270     
  -1.7133604319692870     
  -1.6440387554356588     
  -1.6043734755672432     
  -1.5580803876550784     
  -1.4267913937555035     
  -1.2947842849719517     
  -1.2692126777119073     
  -1.0557967683679683     
  -1.0470351648601255     
  -1.0145188918803958     
 -0.90915237557251716     
 -0.90510568282715143     
 -0.90466235510788451     
 -0.52053420588822497     
 -0.52053420588821542     
 -0.25555780574783854     
 -0.25555780574782933     
  0.80030280506687435     
  0.80030280506688489     
   1.0280637278934597     
   1.0280637278972868     
   1.2152100574445146     
   1.4048913319592284     
   1.4382944930228290     
   1.4389656112527089     
   1.5244996197175089     
   1.5245585226444771     
   1.7726895605264938     
   1.7771929222803373     
   1.8584891354799971     
   2.0157532354538654     
   2.0578747345184030     
   2.1336212922976983     
   2.1667832176219206     
   2.1846819485331426     
   2.2630560985712345     
   2.3537008499253305     
   2.4863114699680091     
   2.5072681312727712     
   2.6714395560005104     
   2.6762243240720180     
   2.6809501606312272     
   2.6821922406557324     
   2.6847582035647330     
   2.6866346295811829     
   2.8506413791618366     
   2.9110928831791121     
   3.0729847379799575     
   3.1314787514447646     
   3.1563766198114025     
   3.2157872944558381     
   3.2219408009812485     
   3.2548818612010555     
   3.2992466706616086     
   3.3072171355017481     
   3.3105985621112071     
   3.5170512763401249     
   3.5812056902074949     
   3.6035687322345495     
   3.7460511438197810     
   3.8246486150586780     
   3.8940797959666180     
   3.8996761293905071     
   4.0122040593071961     
   4.0293267546065223     
   4.2998150739778902     
   4.3069777700593388     
   4.3687066313713991     
   4.3718507522210635     
   4.3987714441259209     
   4.4693734239848100     
   4.4785411122266616     
   4.5290356043248110     
   4.7797896676039793     
   4.7866510652142198     
   4.8163556054724994     
   4.8390418314382835     
   4.9403370570307068     
   4.9852520720590494     
   5.0137951048551814     
   5.0142581634573364     
   5.1572680139977347     
   5.1572898991568659     
   5.2452607869740397     
   5.2452608221267178     
   5.2902439542311726     
   5.4622351984745130     
   5.4622596697683221     
   5.4816324452867216     
   5.4829961746201032     
   5.5098812061804452     
   5.5099085634387395     
   5.6301695923127841     
   5.6301695923131403     
   5.8052000622479509     
   5.8052000622479509     
   5.8550791561047202     
   5.8550791561047211     
   5.8820641737683559     
   5.8820641737683665     
   6.0810379984754643     
   6.0810379984754688     
   6.1965846394733752     
   6.1965846394733806     
   6.2813981324442674     
   6.2813981324442754     
   6.3411225062661680     
   6.3412140067943090     
   6.3412140067943170     
   6.4586314803349385     
   6.4586314805843843     
   6.4586314805843861     
   6.5174057316256198     
   6.5174057316258489     
   6.5174057316258542     
   6.6855283475136709     
   6.6855283475136789     
   6.6855283475136904     
   6.8151332222357013     
   6.8151546296642920     
   6.8151546296642955     
   6.8151546296643000     
